machine_id,kpi_id,label
0,0,1
0,1,1
0,2,1
0,3,1
0,4,1
0,5,1
0,6,1
0,7,1
0,8,1
0,9,1
0,10,1
0,11,1
0,12,1
0,13,1
0,14,1
0,15,1
0,16,1
0,17,0
1,0,1
1,1,1
1,2,1
1,3,1
1,4,1
1,5,1
1,6,1
1,7,1
1,8,1
1,9,1
1,10,1
1,11,1
1,12,1
1,13,1
1,14,1
1,15,1
1,16,1
1,17,1
2,0,1
2,1,1
2,2,1
2,3,1
2,4,1
2,5,1
2,6,1
2,7,1
2,8,1
2,9,1
2,10,1
2,11,1
2,12,1
2,13,1
2,14,1
2,15,1
2,16,1
2,17,1
3,0,1
3,1,1
3,2,1
3,3,1
3,4,1
3,5,1
3,6,1
3,7,1
3,8,1
3,9,1
3,10,1
3,11,1
3,12,1
3,13,1
3,14,1
3,15,1
3,16,1
3,17,1
4,0,1
4,1,1
4,2,1
4,3,1
4,4,1
4,5,1
4,6,1
4,7,1
4,8,1
4,9,1
4,10,1
4,11,1
4,12,1
4,13,1
4,14,1
4,15,1
4,16,1
4,17,1
5,0,1
5,1,1
5,2,1
5,3,1
5,4,1
5,5,0
5,6,0
5,7,0
5,8,0
5,9,0
5,10,1
5,11,1
5,12,1
5,13,1
5,14,1
5,15,0
5,16,0
5,17,1
6,0,1
6,1,1
6,2,1
6,3,1
6,4,1
6,5,0
6,6,0
6,7,0
6,8,0
6,9,0
6,10,1
6,11,1
6,12,1
6,13,1
6,14,1
6,15,0
6,16,0
6,17,1
7,0,1
7,1,1
7,2,1
7,3,1
7,4,1
7,5,1
7,6,0
7,7,1
7,8,1
7,9,1
7,10,1
7,11,1
7,12,1
7,13,1
7,14,1
7,15,1
7,16,1
7,17,1
8,0,1
8,1,1
8,2,1
8,3,1
8,4,1
8,5,0
8,6,0
8,7,0
8,8,0
8,9,0
8,10,1
8,11,1
8,12,1
8,13,1
8,14,1
8,15,0
8,16,0
8,17,1
9,0,1
9,1,1
9,2,1
9,3,1
9,4,1
9,5,1
9,6,1
9,7,1
9,8,1
9,9,1
9,10,1
9,11,1
9,12,1
9,13,1
9,14,1
9,15,1
9,16,1
9,17,1
10,0,1
10,1,1
10,2,1
10,3,1
10,4,1
10,5,1
10,6,1
10,7,1
10,8,1
10,9,1
10,10,1
10,11,1
10,12,1
10,13,1
10,14,1
10,15,1
10,16,1
10,17,1
11,0,1
11,1,1
11,2,1
11,3,1
11,4,1
11,5,1
11,6,1
11,7,1
11,8,1
11,9,1
11,10,1
11,11,1
11,12,1
11,13,1
11,14,1
11,15,1
11,16,1
11,17,1
12,0,1
12,1,1
12,2,1
12,3,1
12,4,1
12,5,1
12,6,1
12,7,0
12,8,1
12,9,1
12,10,1
12,11,1
12,12,1
12,13,1
12,14,1
12,15,1
12,16,1
12,17,1
13,0,1
13,1,1
13,2,1
13,3,1
13,4,1
13,5,1
13,6,1
13,7,1
13,8,1
13,9,1
13,10,1
13,11,1
13,12,1
13,13,1
13,14,1
13,15,1
13,16,1
13,17,1
14,0,1
14,1,1
14,2,1
14,3,1
14,4,1
14,5,0
14,6,0
14,7,0
14,8,0
14,9,0
14,10,1
14,11,1
14,12,1
14,13,1
14,14,1
14,15,0
14,16,0
14,17,1
15,0,1
15,1,1
15,2,1
15,3,1
15,4,1
15,5,0
15,6,0
15,7,0
15,8,1
15,9,0
15,10,1
15,11,1
15,12,1
15,13,1
15,14,1
15,15,0
15,16,0
15,17,1
16,0,1
16,1,1
16,2,1
16,3,1
16,4,1
16,5,0
16,6,0
16,7,0
16,8,1
16,9,0
16,10,1
16,11,1
16,12,1
16,13,1
16,14,1
16,15,0
16,16,0
16,17,1
17,0,1
17,1,1
17,2,1
17,3,1
17,4,1
17,5,0
17,6,0
17,7,0
17,8,0
17,9,0
17,10,1
17,11,1
17,12,1
17,13,1
17,14,1
17,15,0
17,16,0
17,17,1
18,0,1
18,1,1
18,2,1
18,3,1
18,4,1
18,5,0
18,6,1
18,7,0
18,8,0
18,9,1
18,10,1
18,11,1
18,12,1
18,13,1
18,14,1
18,15,1
18,16,1
18,17,1
19,0,1
19,1,1
19,2,1
19,3,1
19,4,1
19,5,0
19,6,1
19,7,0
19,8,0
19,9,0
19,10,0
19,11,0
19,12,0
19,13,0
19,14,0
19,15,0
19,16,0
19,17,0
20,0,1
20,1,1
20,2,1
20,3,1
20,4,1
20,5,1
20,6,1
20,7,1
20,8,1
20,9,1
20,10,1
20,11,1
20,12,1
20,13,1
20,14,1
20,15,1
20,16,1
20,17,1
21,0,1
21,1,1
21,2,1
21,3,1
21,4,1
21,5,1
21,6,1
21,7,1
21,8,1
21,9,1
21,10,1
21,11,1
21,12,1
21,13,1
21,14,1
21,15,1
21,16,1
21,17,1
22,0,1
22,1,1
22,2,1
22,3,1
22,4,1
22,5,1
22,6,1
22,7,1
22,8,1
22,9,1
22,10,1
22,11,1
22,12,1
22,13,1
22,14,1
22,15,1
22,16,1
22,17,1
23,0,1
23,1,1
23,2,1
23,3,1
23,4,1
23,5,1
23,6,1
23,7,1
23,8,1
23,9,1
23,10,1
23,11,1
23,12,1
23,13,1
23,14,1
23,15,1
23,16,1
23,17,1
24,0,1
24,1,1
24,2,1
24,3,1
24,4,1
24,5,1
24,6,1
24,7,1
24,8,1
24,9,1
24,10,1
24,11,1
24,12,1
24,13,1
24,14,1
24,15,1
24,16,1
24,17,1
25,0,1
25,1,1
25,2,1
25,3,1
25,4,1
25,5,1
25,6,0
25,7,1
25,8,1
25,9,1
25,10,1
25,11,1
25,12,1
25,13,1
25,14,1
25,15,1
25,16,1
25,17,1
26,0,1
26,1,1
26,2,1
26,3,1
26,4,1
26,5,0
26,6,0
26,7,0
26,8,0
26,9,0
26,10,1
26,11,1
26,12,1
26,13,1
26,14,1
26,15,0
26,16,0
26,17,1
27,0,1
27,1,1
27,2,1
27,3,1
27,4,1
27,5,1
27,6,1
27,7,1
27,8,1
27,9,1
27,10,1
27,11,1
27,12,1
27,13,1
27,14,1
27,15,1
27,16,1
27,17,1
28,0,1
28,1,1
28,2,1
28,3,1
28,4,1
28,5,0
28,6,0
28,7,0
28,8,0
28,9,0
28,10,1
28,11,1
28,12,1
28,13,1
28,14,1
28,15,0
28,16,0
28,17,1
29,0,1
29,1,1
29,2,1
29,3,1
29,4,1
29,5,0
29,6,1
29,7,0
29,8,1
29,9,1
29,10,1
29,11,1
29,12,1
29,13,1
29,14,1
29,15,1
29,16,1
29,17,1
30,0,1
30,1,1
30,2,1
30,3,1
30,4,1
30,5,1
30,6,1
30,7,1
30,8,1
30,9,1
30,10,1
30,11,1
30,12,1
30,13,1
30,14,1
30,15,1
30,16,1
30,17,1
31,0,1
31,1,1
31,2,1
31,3,1
31,4,1
31,5,1
31,6,1
31,7,1
31,8,1
31,9,1
31,10,1
31,11,1
31,12,1
31,13,1
31,14,1
31,15,1
31,16,1
31,17,1
32,0,1
32,1,1
32,2,1
32,3,1
32,4,1
32,5,0
32,6,0
32,7,0
32,8,0
32,9,0
32,10,1
32,11,1
32,12,1
32,13,1
32,14,1
32,15,0
32,16,0
32,17,1
33,0,1
33,1,1
33,2,1
33,3,1
33,4,1
33,5,1
33,6,1
33,7,1
33,8,1
33,9,1
33,10,1
33,11,1
33,12,1
33,13,1
33,14,1
33,15,1
33,16,1
33,17,1
34,0,1
34,1,1
34,2,1
34,3,1
34,4,1
34,5,1
34,6,1
34,7,1
34,8,1
34,9,1
34,10,1
34,11,1
34,12,1
34,13,1
34,14,1
34,15,1
34,16,1
34,17,1
35,0,1
35,1,1
35,2,1
35,3,1
35,4,1
35,5,1
35,6,0
35,7,0
35,8,1
35,9,1
35,10,1
35,11,1
35,12,1
35,13,1
35,14,1
35,15,1
35,16,1
35,17,1
36,0,1
36,1,1
36,2,1
36,3,1
36,4,1
36,5,1
36,6,1
36,7,1
36,8,1
36,9,1
36,10,1
36,11,1
36,12,1
36,13,1
36,14,1
36,15,1
36,16,1
36,17,1
37,0,1
37,1,1
37,2,1
37,3,1
37,4,1
37,5,1
37,6,1
37,7,1
37,8,1
37,9,1
37,10,1
37,11,1
37,12,1
37,13,1
37,14,1
37,15,1
37,16,1
37,17,1
38,0,1
38,1,1
38,2,1
38,3,1
38,4,1
38,5,1
38,6,1
38,7,1
38,8,1
38,9,1
38,10,1
38,11,1
38,12,1
38,13,1
38,14,1
38,15,1
38,16,1
38,17,1
39,0,1
39,1,1
39,2,1
39,3,1
39,4,1
39,5,1
39,6,1
39,7,1
39,8,1
39,9,1
39,10,1
39,11,1
39,12,1
39,13,1
39,14,1
39,15,1
39,16,1
39,17,1
40,0,1
40,1,1
40,2,1
40,3,1
40,4,1
40,5,1
40,6,1
40,7,1
40,8,1
40,9,1
40,10,1
40,11,1
40,12,1
40,13,1
40,14,1
40,15,1
40,16,1
40,17,1
41,0,1
41,1,1
41,2,1
41,3,1
41,4,1
41,5,1
41,6,1
41,7,1
41,8,1
41,9,1
41,10,1
41,11,1
41,12,1
41,13,1
41,14,1
41,15,1
41,16,1
41,17,1
42,0,1
42,1,1
42,2,1
42,3,1
42,4,1
42,5,1
42,6,1
42,7,1
42,8,1
42,9,1
42,10,1
42,11,1
42,12,1
42,13,1
42,14,1
42,15,1
42,16,1
42,17,1
43,0,1
43,1,1
43,2,1
43,3,1
43,4,1
43,5,1
43,6,1
43,7,1
43,8,1
43,9,1
43,10,1
43,11,1
43,12,1
43,13,1
43,14,1
43,15,1
43,16,1
43,17,1
44,0,1
44,1,1
44,2,1
44,3,1
44,4,1
44,5,1
44,6,1
44,7,1
44,8,1
44,9,1
44,10,1
44,11,1
44,12,1
44,13,1
44,14,1
44,15,1
44,16,1
44,17,1
45,0,1
45,1,1
45,2,1
45,3,1
45,4,1
45,5,1
45,6,1
45,7,1
45,8,1
45,9,1
45,10,1
45,11,1
45,12,1
45,13,1
45,14,1
45,15,1
45,16,1
45,17,1
46,0,1
46,1,1
46,2,1
46,3,1
46,4,1
46,5,1
46,6,1
46,7,1
46,8,1
46,9,1
46,10,1
46,11,1
46,12,1
46,13,1
46,14,1
46,15,1
46,16,1
46,17,1
47,0,1
47,1,1
47,2,1
47,3,1
47,4,1
47,5,1
47,6,1
47,7,1
47,8,1
47,9,1
47,10,1
47,11,1
47,12,1
47,13,1
47,14,1
47,15,1
47,16,1
47,17,0
48,0,1
48,1,1
48,2,1
48,3,1
48,4,1
48,5,1
48,6,1
48,7,1
48,8,1
48,9,1
48,10,1
48,11,1
48,12,1
48,13,1
48,14,1
48,15,1
48,16,1
48,17,1
49,0,1
49,1,1
49,2,1
49,3,1
49,4,1
49,5,1
49,6,1
49,7,1
49,8,1
49,9,1
49,10,1
49,11,1
49,12,1
49,13,1
49,14,1
49,15,1
49,16,1
49,17,1
50,0,1
50,1,1
50,2,1
50,3,1
50,4,1
50,5,1
50,6,1
50,7,1
50,8,1
50,9,1
50,10,1
50,11,1
50,12,1
50,13,1
50,14,1
50,15,1
50,16,1
50,17,1
51,0,1
51,1,1
51,2,1
51,3,1
51,4,1
51,5,1
51,6,1
51,7,1
51,8,1
51,9,1
51,10,1
51,11,1
51,12,1
51,13,1
51,14,1
51,15,1
51,16,1
51,17,1
52,0,1
52,1,1
52,2,1
52,3,1
52,4,1
52,5,1
52,6,1
52,7,1
52,8,1
52,9,1
52,10,1
52,11,1
52,12,1
52,13,1
52,14,1
52,15,1
52,16,1
52,17,1
53,0,1
53,1,1
53,2,1
53,3,1
53,4,1
53,5,1
53,6,1
53,7,1
53,8,1
53,9,1
53,10,1
53,11,1
53,12,1
53,13,1
53,14,1
53,15,1
53,16,1
53,17,1
54,0,1
54,1,1
54,2,1
54,3,1
54,4,1
54,5,1
54,6,1
54,7,1
54,8,1
54,9,1
54,10,1
54,11,1
54,12,1
54,13,1
54,14,1
54,15,1
54,16,1
54,17,1
55,0,1
55,1,1
55,2,1
55,3,1
55,4,1
55,5,1
55,6,1
55,7,1
55,8,1
55,9,1
55,10,1
55,11,1
55,12,1
55,13,1
55,14,1
55,15,1
55,16,1
55,17,1
56,0,1
56,1,1
56,2,1
56,3,1
56,4,1
56,5,1
56,6,1
56,7,1
56,8,1
56,9,1
56,10,1
56,11,1
56,12,1
56,13,1
56,14,1
56,15,1
56,16,1
56,17,1
57,0,1
57,1,1
57,2,1
57,3,1
57,4,1
57,5,0
57,6,0
57,7,0
57,8,0
57,9,0
57,10,0
57,11,0
57,12,0
57,13,0
57,14,0
57,15,0
57,16,0
57,17,0
58,0,1
58,1,1
58,2,1
58,3,1
58,4,1
58,5,1
58,6,0
58,7,1
58,8,1
58,9,1
58,10,1
58,11,1
58,12,1
58,13,1
58,14,1
58,15,1
58,16,1
58,17,1
59,0,1
59,1,1
59,2,1
59,3,1
59,4,1
59,5,0
59,6,0
59,7,0
59,8,0
59,9,0
59,10,1
59,11,1
59,12,1
59,13,1
59,14,1
59,15,0
59,16,0
59,17,1
60,0,1
60,1,1
60,2,1
60,3,1
60,4,1
60,5,0
60,6,0
60,7,0
60,8,0
60,9,0
60,10,0
60,11,0
60,12,0
60,13,0
60,14,0
60,15,0
60,16,0
60,17,0
61,0,1
61,1,1
61,2,1
61,3,1
61,4,1
61,5,1
61,6,1
61,7,0
61,8,1
61,9,1
61,10,1
61,11,1
61,12,1
61,13,1
61,14,1
61,15,1
61,16,1
61,17,1
62,0,1
62,1,1
62,2,1
62,3,1
62,4,1
62,5,1
62,6,1
62,7,0
62,8,1
62,9,1
62,10,1
62,11,1
62,12,1
62,13,1
62,14,1
62,15,1
62,16,1
62,17,1
63,0,1
63,1,1
63,2,1
63,3,1
63,4,1
63,5,1
63,6,1
63,7,1
63,8,1
63,9,1
63,10,1
63,11,1
63,12,1
63,13,1
63,14,1
63,15,1
63,16,1
63,17,1
64,0,1
64,1,1
64,2,1
64,3,1
64,4,1
64,5,0
64,6,0
64,7,0
64,8,0
64,9,0
64,10,0
64,11,0
64,12,0
64,13,0
64,14,0
64,15,0
64,16,0
64,17,0
65,0,1
65,1,1
65,2,1
65,3,1
65,4,1
65,5,0
65,6,0
65,7,0
65,8,0
65,9,0
65,10,0
65,11,0
65,12,0
65,13,0
65,14,0
65,15,0
65,16,0
65,17,0
66,0,1
66,1,1
66,2,1
66,3,1
66,4,1
66,5,0
66,6,0
66,7,0
66,8,0
66,9,0
66,10,0
66,11,0
66,12,0
66,13,0
66,14,0
66,15,0
66,16,0
66,17,0
67,0,1
67,1,1
67,2,1
67,3,1
67,4,1
67,5,1
67,6,1
67,7,1
67,8,1
67,9,1
67,10,1
67,11,1
67,12,1
67,13,1
67,14,1
67,15,1
67,16,1
67,17,0
68,0,1
68,1,1
68,2,1
68,3,1
68,4,1
68,5,0
68,6,0
68,7,0
68,8,0
68,9,0
68,10,0
68,11,0
68,12,0
68,13,0
68,14,0
68,15,0
68,16,0
68,17,0
69,0,1
69,1,1
69,2,1
69,3,1
69,4,1
69,5,0
69,6,0
69,7,0
69,8,0
69,9,0
69,10,0
69,11,0
69,12,0
69,13,0
69,14,0
69,15,0
69,16,0
69,17,0
70,0,1
70,1,1
70,2,1
70,3,1
70,4,1
70,5,1
70,6,1
70,7,1
70,8,1
70,9,1
70,10,1
70,11,1
70,12,1
70,13,1
70,14,1
70,15,1
70,16,1
70,17,1
71,0,1
71,1,1
71,2,1
71,3,1
71,4,1
71,5,0
71,6,0
71,7,0
71,8,0
71,9,0
71,10,0
71,11,0
71,12,0
71,13,0
71,14,0
71,15,0
71,16,0
71,17,0
72,0,1
72,1,1
72,2,1
72,3,1
72,4,1
72,5,1
72,6,1
72,7,1
72,8,1
72,9,1
72,10,1
72,11,1
72,12,1
72,13,1
72,14,1
72,15,1
72,16,1
72,17,1
73,0,1
73,1,1
73,2,1
73,3,1
73,4,1
73,5,0
73,6,0
73,7,0
73,8,0
73,9,0
73,10,0
73,11,0
73,12,0
73,13,0
73,14,0
73,15,0
73,16,0
73,17,0
74,0,1
74,1,1
74,2,1
74,3,1
74,4,1
74,5,1
74,6,1
74,7,1
74,8,1
74,9,1
74,10,1
74,11,1
74,12,1
74,13,1
74,14,1
74,15,1
74,16,1
74,17,0
75,0,1
75,1,1
75,2,1
75,3,1
75,4,1
75,5,1
75,6,0
75,7,1
75,8,1
75,9,1
75,10,1
75,11,1
75,12,1
75,13,1
75,14,1
75,15,1
75,16,1
75,17,1
76,0,1
76,1,1
76,2,1
76,3,1
76,4,1
76,5,1
76,6,1
76,7,1
76,8,1
76,9,1
76,10,1
76,11,1
76,12,1
76,13,1
76,14,1
76,15,1
76,16,1
76,17,1
77,0,1
77,1,1
77,2,1
77,3,1
77,4,1
77,5,1
77,6,0
77,7,1
77,8,1
77,9,1
77,10,1
77,11,1
77,12,1
77,13,1
77,14,1
77,15,1
77,16,1
77,17,1
78,0,1
78,1,1
78,2,1
78,3,1
78,4,1
78,5,1
78,6,0
78,7,1
78,8,1
78,9,1
78,10,1
78,11,1
78,12,1
78,13,1
78,14,1
78,15,1
78,16,1
78,17,1
79,0,1
79,1,1
79,2,1
79,3,1
79,4,1
79,5,0
79,6,0
79,7,0
79,8,0
79,9,0
79,10,0
79,11,0
79,12,0
79,13,0
79,14,0
79,15,0
79,16,0
79,17,0
80,0,1
80,1,1
80,2,1
80,3,1
80,4,1
80,5,1
80,6,0
80,7,1
80,8,1
80,9,1
80,10,1
80,11,1
80,12,1
80,13,1
80,14,1
80,15,1
80,16,1
80,17,1
81,0,1
81,1,1
81,2,1
81,3,1
81,4,1
81,5,1
81,6,0
81,7,1
81,8,1
81,9,1
81,10,1
81,11,1
81,12,1
81,13,1
81,14,1
81,15,1
81,16,1
81,17,1
82,0,1
82,1,1
82,2,1
82,3,1
82,4,1
82,5,1
82,6,0
82,7,0
82,8,0
82,9,1
82,10,1
82,11,1
82,12,1
82,13,1
82,14,1
82,15,1
82,16,1
82,17,1
83,0,1
83,1,1
83,2,1
83,3,1
83,4,1
83,5,1
83,6,1
83,7,1
83,8,1
83,9,1
83,10,1
83,11,1
83,12,1
83,13,1
83,14,1
83,15,1
83,16,1
83,17,1
84,0,1
84,1,1
84,2,1
84,3,1
84,4,1
84,5,1
84,6,1
84,7,1
84,8,1
84,9,1
84,10,1
84,11,1
84,12,1
84,13,1
84,14,1
84,15,1
84,16,1
84,17,1
85,0,1
85,1,1
85,2,1
85,3,1
85,4,1
85,5,0
85,6,0
85,7,0
85,8,0
85,9,0
85,10,0
85,11,0
85,12,0
85,13,0
85,14,0
85,15,0
85,16,0
85,17,0
86,0,1
86,1,1
86,2,1
86,3,1
86,4,1
86,5,1
86,6,1
86,7,1
86,8,1
86,9,1
86,10,1
86,11,1
86,12,1
86,13,1
86,14,1
86,15,1
86,16,1
86,17,1
87,0,1
87,1,1
87,2,1
87,3,1
87,4,1
87,5,1
87,6,0
87,7,1
87,8,1
87,9,1
87,10,1
87,11,1
87,12,1
87,13,1
87,14,1
87,15,1
87,16,1
87,17,1
88,0,1
88,1,1
88,2,1
88,3,1
88,4,1
88,5,1
88,6,1
88,7,1
88,8,1
88,9,1
88,10,1
88,11,1
88,12,1
88,13,1
88,14,1
88,15,1
88,16,1
88,17,1
89,0,1
89,1,1
89,2,1
89,3,1
89,4,1
89,5,1
89,6,0
89,7,1
89,8,1
89,9,1
89,10,1
89,11,1
89,12,1
89,13,1
89,14,1
89,15,1
89,16,1
89,17,1
90,0,1
90,1,1
90,2,1
90,3,1
90,4,1
90,5,1
90,6,1
90,7,0
90,8,0
90,9,1
90,10,1
90,11,1
90,12,1
90,13,1
90,14,1
90,15,1
90,16,1
90,17,0
91,0,1
91,1,1
91,2,1
91,3,1
91,4,1
91,5,1
91,6,1
91,7,1
91,8,1
91,9,1
91,10,1
91,11,1
91,12,1
91,13,1
91,14,1
91,15,1
91,16,1
91,17,1
92,0,1
92,1,1
92,2,1
92,3,1
92,4,1
92,5,1
92,6,0
92,7,1
92,8,1
92,9,1
92,10,1
92,11,1
92,12,1
92,13,1
92,14,1
92,15,1
92,16,1
92,17,1
93,0,1
93,1,1
93,2,1
93,3,1
93,4,1
93,5,1
93,6,0
93,7,1
93,8,1
93,9,1
93,10,1
93,11,1
93,12,1
93,13,1
93,14,1
93,15,1
93,16,1
93,17,1
94,0,1
94,1,1
94,2,1
94,3,1
94,4,1
94,5,1
94,6,1
94,7,1
94,8,1
94,9,1
94,10,1
94,11,1
94,12,1
94,13,1
94,14,1
94,15,1
94,16,1
94,17,1
95,0,1
95,1,1
95,2,1
95,3,1
95,4,1
95,5,0
95,6,0
95,7,0
95,8,0
95,9,0
95,10,1
95,11,1
95,12,0
95,13,0
95,14,0
95,15,0
95,16,0
95,17,0
96,0,1
96,1,1
96,2,1
96,3,1
96,4,1
96,5,1
96,6,0
96,7,0
96,8,1
96,9,1
96,10,1
96,11,1
96,12,1
96,13,1
96,14,1
96,15,1
96,16,1
96,17,1
97,0,1
97,1,1
97,2,1
97,3,1
97,4,1
97,5,1
97,6,1
97,7,1
97,8,1
97,9,1
97,10,1
97,11,1
97,12,1
97,13,1
97,14,1
97,15,1
97,16,1
97,17,1
98,0,1
98,1,1
98,2,1
98,3,1
98,4,1
98,5,0
98,6,0
98,7,0
98,8,0
98,9,0
98,10,0
98,11,0
98,12,0
98,13,0
98,14,0
98,15,0
98,16,0
98,17,0
99,0,1
99,1,1
99,2,1
99,3,1
99,4,1
99,5,0
99,6,0
99,7,0
99,8,0
99,9,0
99,10,1
99,11,1
99,12,1
99,13,1
99,14,1
99,15,0
99,16,0
99,17,1
100,0,1
100,1,1
100,2,1
100,3,1
100,4,1
100,5,1
100,6,1
100,7,1
100,8,1
100,9,1
100,10,1
100,11,1
100,12,1
100,13,1
100,14,1
100,15,1
100,16,1
100,17,1
101,0,1
101,1,1
101,2,1
101,3,1
101,4,1
101,5,1
101,6,1
101,7,1
101,8,1
101,9,1
101,10,1
101,11,1
101,12,1
101,13,1
101,14,1
101,15,1
101,16,1
101,17,1
102,0,1
102,1,1
102,2,1
102,3,1
102,4,1
102,5,1
102,6,0
102,7,1
102,8,1
102,9,1
102,10,1
102,11,1
102,12,1
102,13,1
102,14,1
102,15,1
102,16,1
102,17,1
103,0,1
103,1,1
103,2,1
103,3,1
103,4,1
103,5,0
103,6,0
103,7,0
103,8,0
103,9,0
103,10,0
103,11,0
103,12,0
103,13,0
103,14,0
103,15,0
103,16,0
103,17,0
104,0,1
104,1,1
104,2,1
104,3,1
104,4,1
104,5,1
104,6,0
104,7,1
104,8,1
104,9,1
104,10,1
104,11,1
104,12,1
104,13,1
104,14,1
104,15,1
104,16,1
104,17,1
105,0,1
105,1,1
105,2,1
105,3,1
105,4,1
105,5,0
105,6,0
105,7,0
105,8,0
105,9,0
105,10,1
105,11,1
105,12,1
105,13,1
105,14,1
105,15,0
105,16,0
105,17,1
106,0,1
106,1,1
106,2,1
106,3,1
106,4,1
106,5,0
106,6,0
106,7,0
106,8,0
106,9,0
106,10,0
106,11,0
106,12,0
106,13,0
106,14,0
106,15,0
106,16,0
106,17,0
107,0,1
107,1,1
107,2,1
107,3,1
107,4,1
107,5,1
107,6,1
107,7,1
107,8,1
107,9,1
107,10,1
107,11,1
107,12,1
107,13,1
107,14,1
107,15,1
107,16,1
107,17,1
108,0,1
108,1,1
108,2,1
108,3,1
108,4,1
108,5,1
108,6,1
108,7,1
108,8,1
108,9,1
108,10,1
108,11,1
108,12,1
108,13,1
108,14,1
108,15,1
108,16,1
108,17,1
109,0,1
109,1,1
109,2,1
109,3,1
109,4,1
109,5,1
109,6,0
109,7,1
109,8,1
109,9,1
109,10,1
109,11,1
109,12,1
109,13,1
109,14,1
109,15,1
109,16,1
109,17,1
110,0,1
110,1,1
110,2,1
110,3,1
110,4,1
110,5,1
110,6,1
110,7,1
110,8,1
110,9,1
110,10,1
110,11,1
110,12,1
110,13,1
110,14,1
110,15,1
110,16,1
110,17,1
111,0,1
111,1,1
111,2,1
111,3,1
111,4,1
111,5,1
111,6,1
111,7,1
111,8,1
111,9,1
111,10,1
111,11,1
111,12,1
111,13,1
111,14,1
111,15,1
111,16,1
111,17,1
112,0,1
112,1,1
112,2,1
112,3,1
112,4,1
112,5,1
112,6,1
112,7,1
112,8,1
112,9,1
112,10,1
112,11,1
112,12,1
112,13,1
112,14,1
112,15,1
112,16,1
112,17,1
113,0,1
113,1,1
113,2,1
113,3,1
113,4,1
113,5,1
113,6,1
113,7,1
113,8,1
113,9,1
113,10,1
113,11,1
113,12,1
113,13,1
113,14,1
113,15,1
113,16,1
113,17,1
114,0,1
114,1,1
114,2,1
114,3,1
114,4,1
114,5,1
114,6,1
114,7,1
114,8,1
114,9,1
114,10,1
114,11,1
114,12,1
114,13,1
114,14,1
114,15,1
114,16,1
114,17,1
115,0,1
115,1,1
115,2,1
115,3,1
115,4,1
115,5,1
115,6,1
115,7,1
115,8,1
115,9,1
115,10,1
115,11,1
115,12,1
115,13,1
115,14,1
115,15,1
115,16,1
115,17,1
116,0,1
116,1,1
116,2,1
116,3,1
116,4,1
116,5,1
116,6,1
116,7,1
116,8,1
116,9,1
116,10,1
116,11,1
116,12,1
116,13,1
116,14,1
116,15,1
116,16,1
116,17,1
117,0,1
117,1,1
117,2,1
117,3,1
117,4,1
117,5,1
117,6,0
117,7,1
117,8,1
117,9,1
117,10,1
117,11,1
117,12,1
117,13,1
117,14,1
117,15,1
117,16,1
117,17,1
118,0,1
118,1,1
118,2,1
118,3,1
118,4,1
118,5,0
118,6,0
118,7,0
118,8,0
118,9,0
118,10,0
118,11,0
118,12,0
118,13,0
118,14,0
118,15,0
118,16,0
118,17,0
119,0,1
119,1,1
119,2,1
119,3,1
119,4,1
119,5,1
119,6,0
119,7,1
119,8,1
119,9,1
119,10,1
119,11,1
119,12,1
119,13,1
119,14,1
119,15,1
119,16,1
119,17,1
120,0,1
120,1,1
120,2,1
120,3,1
120,4,1
120,5,1
120,6,1
120,7,1
120,8,1
120,9,1
120,10,1
120,11,1
120,12,1
120,13,1
120,14,1
120,15,1
120,16,1
120,17,1
121,0,1
121,1,1
121,2,1
121,3,1
121,4,1
121,5,1
121,6,0
121,7,1
121,8,1
121,9,1
121,10,1
121,11,1
121,12,1
121,13,1
121,14,1
121,15,1
121,16,1
121,17,1
122,0,1
122,1,1
122,2,1
122,3,1
122,4,1
122,5,0
122,6,0
122,7,0
122,8,0
122,9,0
122,10,0
122,11,0
122,12,0
122,13,0
122,14,0
122,15,0
122,16,0
122,17,0
123,0,1
123,1,1
123,2,1
123,3,1
123,4,1
123,5,1
123,6,1
123,7,1
123,8,1
123,9,1
123,10,1
123,11,1
123,12,1
123,13,1
123,14,1
123,15,1
123,16,1
123,17,1
124,0,1
124,1,1
124,2,1
124,3,1
124,4,1
124,5,0
124,6,0
124,7,0
124,8,0
124,9,0
124,10,0
124,11,0
124,12,0
124,13,0
124,14,0
124,15,0
124,16,0
124,17,0
125,0,1
125,1,1
125,2,1
125,3,1
125,4,1
125,5,1
125,6,1
125,7,1
125,8,1
125,9,1
125,10,1
125,11,1
125,12,1
125,13,1
125,14,1
125,15,1
125,16,1
125,17,1
126,0,1
126,1,1
126,2,1
126,3,1
126,4,1
126,5,1
126,6,0
126,7,1
126,8,1
126,9,1
126,10,1
126,11,1
126,12,1
126,13,1
126,14,1
126,15,1
126,16,1
126,17,1
127,0,1
127,1,1
127,2,1
127,3,1
127,4,1
127,5,1
127,6,1
127,7,1
127,8,1
127,9,1
127,10,1
127,11,1
127,12,1
127,13,1
127,14,1
127,15,1
127,16,1
127,17,1
128,0,1
128,1,1
128,2,1
128,3,1
128,4,1
128,5,1
128,6,1
128,7,0
128,8,1
128,9,1
128,10,1
128,11,1
128,12,1
128,13,1
128,14,1
128,15,1
128,16,1
128,17,1
129,0,1
129,1,1
129,2,1
129,3,1
129,4,1
129,5,1
129,6,0
129,7,1
129,8,1
129,9,1
129,10,1
129,11,1
129,12,1
129,13,1
129,14,1
129,15,1
129,16,1
129,17,1
130,0,1
130,1,1
130,2,1
130,3,1
130,4,1
130,5,0
130,6,0
130,7,0
130,8,0
130,9,0
130,10,0
130,11,0
130,12,0
130,13,0
130,14,0
130,15,0
130,16,0
130,17,0
131,0,1
131,1,1
131,2,1
131,3,1
131,4,1
131,5,1
131,6,1
131,7,1
131,8,1
131,9,1
131,10,1
131,11,1
131,12,1
131,13,1
131,14,1
131,15,1
131,16,1
131,17,1
132,0,1
132,1,1
132,2,1
132,3,1
132,4,1
132,5,0
132,6,0
132,7,0
132,8,0
132,9,0
132,10,0
132,11,0
132,12,0
132,13,0
132,14,0
132,15,0
132,16,0
132,17,0
133,0,1
133,1,1
133,2,1
133,3,1
133,4,1
133,5,1
133,6,1
133,7,1
133,8,1
133,9,1
133,10,1
133,11,1
133,12,1
133,13,1
133,14,1
133,15,1
133,16,1
133,17,1
134,0,1
134,1,1
134,2,1
134,3,1
134,4,1
134,5,1
134,6,0
134,7,1
134,8,1
134,9,1
134,10,1
134,11,1
134,12,1
134,13,1
134,14,1
134,15,1
134,16,1
134,17,1
135,0,1
135,1,1
135,2,1
135,3,1
135,4,1
135,5,1
135,6,1
135,7,1
135,8,1
135,9,1
135,10,1
135,11,1
135,12,1
135,13,1
135,14,1
135,15,1
135,16,1
135,17,1
136,0,1
136,1,1
136,2,1
136,3,1
136,4,1
136,5,0
136,6,1
136,7,0
136,8,0
136,9,0
136,10,0
136,11,0
136,12,0
136,13,0
136,14,0
136,15,0
136,16,0
136,17,0
137,0,1
137,1,1
137,2,1
137,3,1
137,4,1
137,5,0
137,6,0
137,7,0
137,8,0
137,9,0
137,10,0
137,11,0
137,12,0
137,13,0
137,14,0
137,15,0
137,16,0
137,17,0
138,0,1
138,1,1
138,2,1
138,3,1
138,4,1
138,5,0
138,6,0
138,7,0
138,8,0
138,9,0
138,10,0
138,11,0
138,12,0
138,13,0
138,14,0
138,15,0
138,16,1
138,17,0
139,0,1
139,1,1
139,2,1
139,3,1
139,4,1
139,5,1
139,6,0
139,7,1
139,8,1
139,9,1
139,10,1
139,11,1
139,12,1
139,13,1
139,14,1
139,15,1
139,16,1
139,17,1
140,0,1
140,1,1
140,2,1
140,3,1
140,4,1
140,5,0
140,6,0
140,7,0
140,8,1
140,9,1
140,10,1
140,11,1
140,12,1
140,13,1
140,14,1
140,15,1
140,16,1
140,17,1
141,0,1
141,1,1
141,2,1
141,3,1
141,4,1
141,5,1
141,6,0
141,7,1
141,8,1
141,9,1
141,10,1
141,11,1
141,12,1
141,13,1
141,14,1
141,15,1
141,16,1
141,17,1
142,0,1
142,1,1
142,2,1
142,3,1
142,4,1
142,5,1
142,6,1
142,7,1
142,8,1
142,9,1
142,10,1
142,11,1
142,12,1
142,13,1
142,14,1
142,15,1
142,16,1
142,17,1
143,0,1
143,1,1
143,2,1
143,3,1
143,4,1
143,5,0
143,6,0
143,7,0
143,8,0
143,9,0
143,10,1
143,11,1
143,12,1
143,13,1
143,14,1
143,15,0
143,16,0
143,17,1
144,0,1
144,1,1
144,2,1
144,3,1
144,4,1
144,5,1
144,6,0
144,7,1
144,8,1
144,9,1
144,10,1
144,11,1
144,12,1
144,13,1
144,14,1
144,15,1
144,16,1
144,17,1
145,0,1
145,1,1
145,2,1
145,3,1
145,4,1
145,5,0
145,6,0
145,7,0
145,8,0
145,9,0
145,10,0
145,11,0
145,12,0
145,13,0
145,14,0
145,15,0
145,16,0
145,17,0
146,0,1
146,1,1
146,2,1
146,3,1
146,4,1
146,5,0
146,6,0
146,7,0
146,8,0
146,9,0
146,10,1
146,11,1
146,12,1
146,13,1
146,14,1
146,15,0
146,16,0
146,17,1
147,0,1
147,1,1
147,2,1
147,3,1
147,4,1
147,5,1
147,6,0
147,7,1
147,8,1
147,9,1
147,10,1
147,11,1
147,12,1
147,13,1
147,14,1
147,15,1
147,16,1
147,17,1
148,0,1
148,1,1
148,2,1
148,3,1
148,4,1
148,5,1
148,6,0
148,7,1
148,8,1
148,9,1
148,10,1
148,11,1
148,12,1
148,13,1
148,14,1
148,15,1
148,16,1
148,17,1
149,0,1
149,1,1
149,2,1
149,3,1
149,4,1
149,5,1
149,6,1
149,7,1
149,8,1
149,9,1
149,10,1
149,11,1
149,12,1
149,13,1
149,14,1
149,15,1
149,16,1
149,17,1
150,0,1
150,1,1
150,2,1
150,3,1
150,4,1
150,5,1
150,6,0
150,7,1
150,8,1
150,9,1
150,10,1
150,11,1
150,12,1
150,13,1
150,14,1
150,15,1
150,16,1
150,17,1
151,0,1
151,1,1
151,2,1
151,3,1
151,4,1
151,5,0
151,6,0
151,7,0
151,8,0
151,9,0
151,10,0
151,11,0
151,12,0
151,13,0
151,14,0
151,15,0
151,16,0
151,17,0
152,0,1
152,1,1
152,2,1
152,3,1
152,4,1
152,5,0
152,6,1
152,7,0
152,8,0
152,9,0
152,10,0
152,11,0
152,12,0
152,13,0
152,14,0
152,15,0
152,16,0
152,17,0
153,0,1
153,1,1
153,2,1
153,3,1
153,4,1
153,5,0
153,6,0
153,7,0
153,8,0
153,9,0
153,10,1
153,11,1
153,12,1
153,13,1
153,14,1
153,15,0
153,16,0
153,17,1
154,0,1
154,1,1
154,2,1
154,3,1
154,4,1
154,5,1
154,6,1
154,7,1
154,8,1
154,9,1
154,10,1
154,11,1
154,12,1
154,13,1
154,14,1
154,15,1
154,16,1
154,17,1
155,0,1
155,1,1
155,2,1
155,3,1
155,4,1
155,5,0
155,6,0
155,7,0
155,8,1
155,9,0
155,10,1
155,11,1
155,12,0
155,13,0
155,14,0
155,15,0
155,16,0
155,17,0
156,0,1
156,1,1
156,2,1
156,3,1
156,4,1
156,5,1
156,6,0
156,7,1
156,8,1
156,9,1
156,10,1
156,11,1
156,12,1
156,13,1
156,14,1
156,15,1
156,16,1
156,17,1
157,0,1
157,1,1
157,2,1
157,3,1
157,4,1
157,5,0
157,6,0
157,7,0
157,8,0
157,9,0
157,10,0
157,11,0
157,12,0
157,13,0
157,14,0
157,15,0
157,16,0
157,17,0
158,0,1
158,1,1
158,2,1
158,3,1
158,4,1
158,5,1
158,6,1
158,7,0
158,8,1
158,9,1
158,10,1
158,11,1
158,12,1
158,13,1
158,14,1
158,15,1
158,16,1
158,17,1
159,0,1
159,1,1
159,2,1
159,3,1
159,4,1
159,5,1
159,6,0
159,7,1
159,8,1
159,9,1
159,10,1
159,11,1
159,12,1
159,13,1
159,14,1
159,15,1
159,16,1
159,17,1
160,0,1
160,1,1
160,2,1
160,3,1
160,4,1
160,5,1
160,6,0
160,7,1
160,8,1
160,9,1
160,10,1
160,11,1
160,12,1
160,13,1
160,14,1
160,15,1
160,16,1
160,17,1
161,0,1
161,1,1
161,2,1
161,3,1
161,4,1
161,5,0
161,6,0
161,7,0
161,8,0
161,9,0
161,10,0
161,11,0
161,12,0
161,13,0
161,14,0
161,15,0
161,16,0
161,17,0
162,0,1
162,1,1
162,2,1
162,3,1
162,4,1
162,5,0
162,6,0
162,7,0
162,8,0
162,9,0
162,10,0
162,11,0
162,12,0
162,13,0
162,14,0
162,15,0
162,16,0
162,17,0
163,0,1
163,1,1
163,2,1
163,3,1
163,4,1
163,5,0
163,6,0
163,7,0
163,8,0
163,9,0
163,10,0
163,11,0
163,12,0
163,13,0
163,14,0
163,15,0
163,16,0
163,17,0
164,0,1
164,1,1
164,2,1
164,3,1
164,4,1
164,5,0
164,6,1
164,7,0
164,8,1
164,9,1
164,10,1
164,11,1
164,12,1
164,13,1
164,14,1
164,15,1
164,16,1
164,17,1
165,0,1
165,1,1
165,2,1
165,3,1
165,4,1
165,5,0
165,6,0
165,7,0
165,8,1
165,9,1
165,10,1
165,11,1
165,12,1
165,13,1
165,14,1
165,15,0
165,16,1
165,17,0
166,0,1
166,1,1
166,2,1
166,3,1
166,4,1
166,5,1
166,6,1
166,7,1
166,8,1
166,9,1
166,10,1
166,11,1
166,12,1
166,13,1
166,14,1
166,15,1
166,16,1
166,17,1
167,0,1
167,1,1
167,2,1
167,3,1
167,4,1
167,5,1
167,6,1
167,7,1
167,8,1
167,9,1
167,10,1
167,11,1
167,12,1
167,13,1
167,14,1
167,15,1
167,16,1
167,17,1
168,0,1
168,1,1
168,2,1
168,3,1
168,4,1
168,5,0
168,6,0
168,7,0
168,8,0
168,9,0
168,10,0
168,11,0
168,12,0
168,13,0
168,14,0
168,15,0
168,16,0
168,17,0
169,0,1
169,1,1
169,2,1
169,3,1
169,4,1
169,5,1
169,6,1
169,7,1
169,8,1
169,9,1
169,10,1
169,11,1
169,12,1
169,13,1
169,14,1
169,15,1
169,16,1
169,17,1
170,0,1
170,1,1
170,2,1
170,3,1
170,4,1
170,5,1
170,6,1
170,7,1
170,8,1
170,9,1
170,10,1
170,11,1
170,12,1
170,13,1
170,14,1
170,15,1
170,16,1
170,17,1
171,0,1
171,1,1
171,2,1
171,3,1
171,4,1
171,5,0
171,6,0
171,7,0
171,8,0
171,9,0
171,10,1
171,11,1
171,12,1
171,13,1
171,14,1
171,15,0
171,16,0
171,17,1
172,0,1
172,1,1
172,2,1
172,3,1
172,4,1
172,5,1
172,6,1
172,7,0
172,8,1
172,9,1
172,10,1
172,11,1
172,12,1
172,13,1
172,14,1
172,15,1
172,16,1
172,17,1
173,0,1
173,1,1
173,2,1
173,3,1
173,4,1
173,5,1
173,6,1
173,7,0
173,8,1
173,9,1
173,10,1
173,11,1
173,12,1
173,13,1
173,14,1
173,15,1
173,16,1
173,17,1
174,0,1
174,1,1
174,2,1
174,3,1
174,4,1
174,5,0
174,6,0
174,7,0
174,8,0
174,9,0
174,10,0
174,11,0
174,12,0
174,13,0
174,14,0
174,15,0
174,16,0
174,17,0
175,0,1
175,1,1
175,2,1
175,3,1
175,4,1
175,5,1
175,6,1
175,7,0
175,8,1
175,9,1
175,10,1
175,11,1
175,12,1
175,13,1
175,14,1
175,15,1
175,16,1
175,17,1
176,0,1
176,1,1
176,2,1
176,3,1
176,4,1
176,5,1
176,6,1
176,7,1
176,8,1
176,9,1
176,10,1
176,11,1
176,12,1
176,13,1
176,14,1
176,15,1
176,16,1
176,17,1
177,0,1
177,1,1
177,2,1
177,3,1
177,4,1
177,5,0
177,6,0
177,7,0
177,8,0
177,9,0
177,10,1
177,11,1
177,12,1
177,13,1
177,14,1
177,15,0
177,16,0
177,17,1
178,0,1
178,1,1
178,2,1
178,3,1
178,4,1
178,5,1
178,6,1
178,7,0
178,8,1
178,9,1
178,10,1
178,11,1
178,12,1
178,13,1
178,14,1
178,15,1
178,16,1
178,17,1
179,0,1
179,1,1
179,2,1
179,3,1
179,4,1
179,5,1
179,6,1
179,7,1
179,8,1
179,9,1
179,10,1
179,11,1
179,12,1
179,13,1
179,14,1
179,15,1
179,16,1
179,17,1
180,0,1
180,1,1
180,2,1
180,3,1
180,4,1
180,5,1
180,6,1
180,7,1
180,8,1
180,9,1
180,10,1
180,11,1
180,12,1
180,13,1
180,14,1
180,15,1
180,16,1
180,17,1
181,0,1
181,1,1
181,2,1
181,3,1
181,4,1
181,5,1
181,6,1
181,7,0
181,8,1
181,9,1
181,10,1
181,11,1
181,12,1
181,13,1
181,14,1
181,15,1
181,16,1
181,17,1
182,0,1
182,1,1
182,2,1
182,3,1
182,4,1
182,5,1
182,6,1
182,7,1
182,8,1
182,9,1
182,10,1
182,11,1
182,12,1
182,13,1
182,14,1
182,15,1
182,16,1
182,17,1
183,0,1
183,1,1
183,2,1
183,3,1
183,4,1
183,5,0
183,6,0
183,7,0
183,8,0
183,9,0
183,10,1
183,11,1
183,12,1
183,13,1
183,14,1
183,15,0
183,16,0
183,17,1
184,0,1
184,1,1
184,2,1
184,3,1
184,4,1
184,5,1
184,6,1
184,7,1
184,8,1
184,9,1
184,10,1
184,11,1
184,12,1
184,13,1
184,14,1
184,15,1
184,16,1
184,17,1
185,0,1
185,1,1
185,2,1
185,3,1
185,4,1
185,5,1
185,6,1
185,7,1
185,8,1
185,9,1
185,10,1
185,11,1
185,12,1
185,13,1
185,14,1
185,15,1
185,16,1
185,17,1
186,0,1
186,1,1
186,2,1
186,3,1
186,4,1
186,5,1
186,6,1
186,7,1
186,8,1
186,9,1
186,10,1
186,11,1
186,12,1
186,13,1
186,14,1
186,15,1
186,16,1
186,17,1
187,0,1
187,1,1
187,2,1
187,3,1
187,4,1
187,5,1
187,6,1
187,7,1
187,8,1
187,9,1
187,10,1
187,11,1
187,12,1
187,13,1
187,14,1
187,15,1
187,16,1
187,17,1
188,0,1
188,1,1
188,2,1
188,3,1
188,4,1
188,5,1
188,6,1
188,7,1
188,8,1
188,9,1
188,10,1
188,11,1
188,12,1
188,13,1
188,14,1
188,15,1
188,16,1
188,17,1
189,0,1
189,1,1
189,2,1
189,3,1
189,4,1
189,5,1
189,6,1
189,7,1
189,8,1
189,9,1
189,10,1
189,11,1
189,12,1
189,13,1
189,14,1
189,15,1
189,16,1
189,17,1
190,0,1
190,1,1
190,2,1
190,3,1
190,4,1
190,5,1
190,6,1
190,7,1
190,8,1
190,9,1
190,10,1
190,11,1
190,12,1
190,13,1
190,14,1
190,15,1
190,16,1
190,17,1
191,0,1
191,1,1
191,2,1
191,3,1
191,4,1
191,5,1
191,6,1
191,7,1
191,8,1
191,9,1
191,10,1
191,11,1
191,12,1
191,13,1
191,14,1
191,15,1
191,16,1
191,17,1
192,0,1
192,1,1
192,2,1
192,3,1
192,4,1
192,5,1
192,6,1
192,7,1
192,8,1
192,9,1
192,10,1
192,11,1
192,12,1
192,13,1
192,14,1
192,15,1
192,16,1
192,17,1
193,0,1
193,1,1
193,2,1
193,3,1
193,4,1
193,5,1
193,6,1
193,7,1
193,8,1
193,9,1
193,10,1
193,11,1
193,12,1
193,13,1
193,14,1
193,15,1
193,16,1
193,17,1
194,0,1
194,1,1
194,2,1
194,3,1
194,4,1
194,5,1
194,6,1
194,7,1
194,8,1
194,9,1
194,10,1
194,11,1
194,12,1
194,13,1
194,14,1
194,15,1
194,16,1
194,17,1
195,0,1
195,1,1
195,2,1
195,3,1
195,4,1
195,5,1
195,6,1
195,7,1
195,8,1
195,9,1
195,10,1
195,11,1
195,12,1
195,13,1
195,14,1
195,15,1
195,16,1
195,17,1
196,0,1
196,1,1
196,2,1
196,3,1
196,4,1
196,5,1
196,6,1
196,7,1
196,8,1
196,9,1
196,10,1
196,11,1
196,12,1
196,13,1
196,14,1
196,15,1
196,16,1
196,17,1
197,0,1
197,1,1
197,2,1
197,3,1
197,4,1
197,5,1
197,6,1
197,7,1
197,8,1
197,9,1
197,10,1
197,11,1
197,12,1
197,13,1
197,14,1
197,15,1
197,16,1
197,17,1
198,0,1
198,1,1
198,2,1
198,3,1
198,4,1
198,5,1
198,6,1
198,7,1
198,8,1
198,9,1
198,10,1
198,11,1
198,12,1
198,13,1
198,14,1
198,15,1
198,16,1
198,17,1
199,0,1
199,1,1
199,2,1
199,3,1
199,4,1
199,5,1
199,6,1
199,7,1
199,8,1
199,9,1
199,10,1
199,11,1
199,12,1
199,13,1
199,14,1
199,15,1
199,16,1
199,17,1
